-73919.265625 30876.310546875 19849.8828125
-70737.71875 5242.6298828125 23751.015625
-67043.390625 -16524.0078125 30461.0
-63378.74609375 -32740.47265625 38981.6015625
-55343.3671875 -50362.6015625 48677.74609375
-42926.78125 -63089.20703125 63733.47265625
-27970.43359375 -71516.921875 81654.6796875
-16291.4091796875 -74698.6171875 96297.7265625
-48.23884201049805 -76505.2265625 99442.1015625
16255.037109375 -74471.6328125 96308.5546875
27908.884765625 -71417.6640625 81694.546875
42855.44140625 -63229.8515625 63746.15234375
56170.00390625 -49032.78125 48846.79296875
63225.7890625 -33091.953125 38968.18359375
66704.5859375 -16882.078125 30449.833984375
70054.6640625 4963.689453125 23643.8203125
73154.5390625 30854.017578125 20055.80859375
-57346.83984375 45510.25390625 80483.7265625
-49635.73828125 51531.28125 92479.4921875
-38958.59765625 53447.6484375 100454.34375
-29608.181640625 52236.59765625 104277.015625
-18702.857421875 50264.2265625 106597.9765625
17860.693359375 50466.89453125 106508.1484375
28544.330078125 51538.82421875 103733.3515625
38062.0390625 52791.328125 100412.734375
49630.6484375 50820.76171875 91989.90625
56468.84375 46294.75 81118.21875
-146.368896484375 34128.0859375 110560.2265625
-116.76280212402344 24000.455078125 118204.6875
-20.856386184692383 14346.9951171875 125516.984375
13.232317924499512 4430.29296875 131560.0
-11574.462890625 -7575.109375 110567.25
-5116.17529296875 -7991.93505859375 114464.5546875
-164.63687133789062 -9165.095703125 117358.4375
4602.20703125 -8039.5595703125 114443.0546875
11130.564453125 -7555.56103515625 110556.4921875
-44627.5859375 33016.00390625 85710.828125
-37033.78515625 36953.05859375 92643.2578125
-27261.48046875 37833.34375 94881.3515625
-18330.4296875 33041.37109375 91429.171875
-29058.916015625 29625.8125 94046.1484375
-37779.73046875 29124.494140625 91864.46875
18462.443359375 33379.68359375 92001.1796875
27972.265625 38007.02734375 94475.5078125
37036.2265625 36535.37109375 91911.5546875
45188.65625 33094.890625 85347.875
38052.28125 29349.751953125 91259.7734375
29458.556640625 29444.701171875 93770.8125
-25539.556640625 -33627.84765625 98388.8984375
-15805.2763671875 -27611.8125 110099.9765625
-6628.3671875 -23768.177734375 115463.1953125
-192.02476501464844 -24960.453125 116207.859375
7616.04345703125 -23944.763671875 115017.90625
17230.806640625 -27469.994140625 108906.40625
25143.841796875 -33333.30078125 98094.6796875
18575.53515625 -36133.4140625 104735.3203125
10856.484375 -38386.0390625 111106.875
-175.3395233154297 -39320.9609375 113471.3828125
-11148.9736328125 -38397.328125 111203.5390625
-18695.865234375 -35550.87890625 104487.890625
-22495.232421875 -32862.15625 99654.171875
-8644.353515625 -30469.44921875 109983.703125
-279.8681640625 -30878.025390625 111424.6015625
8088.767578125 -30539.47265625 109995.8984375
23331.724609375 -32803.7890625 98654.8515625
8140.3876953125 -31052.92578125 109408.1171875
-257.67437744140625 -31426.875 110735.6015625
-9651.1123046875 -30987.5703125 108781.2109375
